root 0.0 0.0 1.2958771
pelvis 0.0012787 -0.0142033 0.919423
left_hip 0.0594993 0.0091911 0.8225202
left_knee 0.1852868 -0.2402475 0.521023
left_ankle -0.0100731 0.0224258 0.23074160000000002
left_foot 0.0098794 0.0626452 0.0790429
right_hip -0.0587641 0.0021088 0.8116835
right_knee -0.2280848 -0.2376039 0.5526004
right_ankle -0.3267425 -0.0290857 0.1672115
right_foot -0.4289987 -0.1287983 0.0921694
spine1 -0.000277 0.025322900000000002 1.0333398
spine2 -0.0179848 -0.0840019 1.1425654
spine3 -0.0398005 -0.1412528 1.1637662
neck -0.0704473 -0.22376939999999998 1.3134917
head -0.0296905 -0.3813451 1.3456922999999998
jaw -0.0513658 -0.3807677 1.3495071
left_eye 0.0018703 -0.4526724 1.3169371
right_eye -0.0628705 -0.463581 1.3144095
left_collar -0.0071395 -0.1908796 1.2307297000000001
left_shoulder 0.0980311 -0.298978 1.2750767
left_elbow 0.29392070000000003 -0.3758977 1.0981516999999998
left_wrist 0.2917658 -0.6524154 1.1340540000000001
left_index1 0.2590695 -0.7443486 1.1879264
left_index2 0.2524768 -0.7709659 1.2080688
left_index3 0.25006860000000003 -0.7922528999999999 1.2187637999999998
left_middle1 0.2837959 -0.7537024 1.1931034999999999
left_middle2 0.28524900000000003 -0.7809957000000001 1.2108453
left_middle3 0.28697019999999995 -0.8035992 1.2218892000000001
left_pinky1 0.3277043 -0.7432308000000001 1.1679907
left_pinky2 0.3378119 -0.7604137 1.1751154
left_pinky3 0.3470511 -0.7773185 1.1818444
left_ring1 0.30963240000000003 -0.7489645 1.181879
left_ring2 0.3119407 -0.7743746 1.1985342
left_ring3 0.31613240000000004 -0.7969009 1.2093416
left_thumb1 0.2568904 -0.6947719 1.1425128
left_thumb2 0.2282174 -0.7039954 1.1555585000000002
left_thumb3 0.20852869999999998 -0.7216130000000001 1.1643895
right_collar -0.0964576 -0.17740229999999999 1.2273003
right_shoulder -0.19758189999999998 -0.2818509 1.244022
right_elbow -0.2159258 -0.46302679999999996 1.0267765
right_wrist -0.24359360000000002 -0.7308015 1.0367647999999998
right_index1 -0.28627179999999997 -0.8062141 1.1062885
right_index2 -0.30195859999999997 -0.82452 1.1302988
right_index3 -0.31526319999999997 -0.8394818000000001 1.1434316
right_middle1 -0.31213040000000003 -0.7998993000000001 1.1021327
right_middle2 -0.3337697 -0.8155483 1.1208053
right_middle3 -0.3511122 -0.8294219 1.1327469000000001
right_pinky1 -0.333214 -0.7778069000000001 1.0604718
right_pinky2 -0.3528404 -0.7844156 1.0648606999999999
right_pinky3 -0.37153179999999997 -0.7913549000000001 1.0692062
right_ring1 -0.3263109 -0.7869098999999999 1.0810098000000001
right_ring2 -0.3472285 -0.8009622000000001 1.0981366000000001
right_ring3 -0.3663684 -0.8136292999999999 1.1088613
right_thumb1 -0.2437898 -0.7817958 1.0602001
right_thumb2 -0.2305025 -0.7992265 1.0846328
right_thumb3 -0.2278636 -0.8203555 1.1025945
