root 0.0 0.0 1.3530071000000001
pelvis 0.0010753 -0.0118679 0.9891909000000001
left_hip 0.055972 0.012176500000000002 0.8954186
left_knee 0.1227838 0.018982 0.49839350000000004
left_ankle 0.0779179 0.0594489 0.0789045
left_foot 0.1216674 -0.07504659999999999 0.018386800000000002
right_hip -0.055457700000000006 0.0054661 0.8849178000000001
right_knee -0.1060367 0.019849699999999998 0.5048794
right_ankle -0.0890408 0.0591186 0.0717509
right_foot -0.12410840000000001 -0.0819722 0.0122282
spine1 -0.00021690000000000001 0.0247822 1.0985868
spine2 0.0092821 0.020245000000000003 1.2485204
spine3 0.0007254000000000001 -0.0011622 1.3058527999999998
neck -0.0083192 0.024761099999999998 1.4703311000000001
head 0.0140975 -0.0139337 1.6278694
jaw -0.0062925 -0.007633200000000001 1.6275775000000001
left_eye 0.0322959 -0.0831576 1.6661171
right_eye -0.032296399999999996 -0.0831565 1.6661168
left_collar 0.0424965 0.0038631000000000004 1.3814857999999999
left_shoulder 0.1804446 0.0185556 1.4418323
left_elbow 0.245866 0.0384426 1.1822846999999999
left_wrist 0.4077306 -0.0146418 0.9703963
left_index1 0.4548239 -0.0581707 0.8838641
left_index2 0.4604218 -0.06780159999999999 0.852317
left_index3 0.4446345 -0.069165 0.8348441
left_middle1 0.4614719 -0.035526800000000004 0.8724724
left_middle2 0.4617745 -0.0383799 0.840548
left_middle3 0.4435081 -0.040359099999999995 0.8238683
left_pinky1 0.4408345 0.0097529 0.8792496999999999
left_pinky2 0.4342336 0.0096858 0.8595267
left_pinky3 0.4194462 0.0056289 0.8465372999999999
left_ring1 0.45269139999999997 -0.009328300000000001 0.8750417
left_ring2 0.450257 -0.0151854 0.8458312
left_ring3 0.4312307 -0.0205295 0.8306541999999999
left_thumb1 0.4120127 -0.0523821 0.9326957
left_thumb2 0.4074704 -0.07244540000000001 0.9080769000000001
left_thumb3 0.4131114 -0.0863816 0.8852650999999999
right_collar -0.0440104 0.0072232 1.3819804999999998
right_shoulder -0.1717828 0.0189462 1.4408490999999999
right_elbow -0.2713724 0.0267138 1.1825959
right_wrist -0.4077393 -0.0171645 0.9623644
right_index1 -0.45155399999999996 -0.0601282 0.8741859
right_index2 -0.457152 -0.0697594 0.8426387999999999
right_index3 -0.4413643 -0.07112220000000001 0.8251653
right_middle1 -0.4582024 -0.0374824 0.8627925000000001
right_middle2 -0.4585031 -0.0403349 0.830868
right_middle3 -0.44023660000000003 -0.0423131 0.8141885
right_pinky1 -0.4375651 0.0077973 0.8695669
right_pinky2 -0.4309645 0.0077289 0.8498450000000001
right_pinky3 -0.416177 0.0036724 0.836856
right_ring1 -0.4494226 -0.0112832 0.8653605
right_ring2 -0.4469881 -0.017141200000000002 0.8361509
right_ring3 -0.42796100000000004 -0.022484200000000003 0.8209745
right_thumb1 -0.4087394 -0.0543395 0.923016
right_thumb2 -0.40419720000000003 -0.0744027 0.8983987
right_thumb3 -0.4098402 -0.0883386 0.8755872
